# This file may be used to create an environment using:
# $ conda create --name <env> --file <this file>
# platform: win-64
astunparse=1.6.3=pypi_0
bzip2=1.0.8=h2466b09_7
ca-certificates=2024.7.4=h56e8100_0
cachetools=5.4.0=pypi_0
certifi=2024.7.4=pypi_0
charset-normalizer=3.3.2=pypi_0
gast=0.4.0=pypi_0
google-auth=2.32.0=pypi_0
google-auth-oauthlib=0.4.6=pypi_0
google-pasta=0.2.0=pypi_0
keras=2.10.0=pypi_0
keras-preprocessing=1.1.2=pypi_0
libffi=3.4.2=h8ffe710_5
libsqlite=3.46.0=h2466b09_0
libzlib=1.3.1=h2466b09_1
markdown=3.6=pypi_0
markupsafe=2.1.5=pypi_0
oauthlib=3.2.2=pypi_0
openssl=3.3.1=h2466b09_2
opt-einsum=3.3.0=pypi_0
pip=24.0=pyhd8ed1ab_0
protobuf=3.19.6=pypi_0
pyasn1=0.6.0=pypi_0
pyasn1-modules=0.4.0=pypi_0
pyaudio=0.2.14=pypi_0
python=3.9.19=h4de0772_0_cpython
requests-oauthlib=2.0.0=pypi_0
rsa=4.9=pypi_0
setuptools=71.0.4=pyhd8ed1ab_0
six=1.16.0=pypi_0
speechrecognition=3.10.4=pypi_0
tensorboard=2.10.1=pypi_0
tensorboard-data-server=0.6.1=pypi_0
tensorboard-plugin-wit=1.8.1=pypi_0
tensorflow=2.10.1=pypi_0
termcolor=2.4.0=pypi_0
tk=8.6.13=h5226925_1
tzdata=2024a=h0c530f3_0
ucrt=10.0.22621.0=h57928b3_0
vc=14.3=h8a93ad2_20
vc14_runtime=14.40.33810=ha82c5b3_20
vs2015_runtime=14.40.33810=h3bf8584_20
werkzeug=3.0.3=pypi_0
wheel=0.43.0=pyhd8ed1ab_1
wrapt=1.16.0=pypi_0
xz=5.2.6=h8d14728_0
